State/UT,Mid-Year Projected Population (in Lakhs) (2021),Rate of Murder (2021),Chargesheeting Rate (2021),Child (Below 6 Years) M,Child (Below 6 Years) F,Child (Below 6 Years) Trans,Child (Below 6 Years) Total,Child (6 to 12 Years) M,Child (6 to 12 Years) F,Child (6 to 12 Years) Trans,Child (6 to 12 Years) Total,Child (12 to 16 Years) M,Child (12 to 16 Years) F,Child (12 to 16 Years) Trans,Child (12 to 16 Years) Total,Child (16 to 18 Years) M,Child (16 to 18 Years) F,Child (16 to 18 Years) Trans,Child (16 to 18 Years) Total,Total Child Victims M,Total Child Victims F,Total Child Victims Trans,Total Child Victims,Adult (18 to 30 Years) M,Adult (18 to 30 Years) F,Adult (18 to 30 Years) Trans,Adult (18 to 30 Years) Total,Adult (30 to 45 Years) M,Adult (30 to 45 Years) F,Adult (30 to 45 Years) Trans,Adult (30 to 45 Years) Total,Adult (45 to 60 Years) M,Adult (45 to 60 Years) F,Adult (45 to 60 Years) Trans,Adult (45 to 60 Years) Total,Adult (Above 60 Years) M,Adult (Above 60 Years) F,Adult (Above 60 Years) Trans,Adult (Above 60 Years) Total,Total Adult Victims M,Total Adult Victims F,Total Adult Victims Trans,Total Adult Victims,Total Victims M,Total Victims F,Total Victims Trans,Total Victims
Andhra Pradesh,528.5,1.8,91.7,5.0,10.0,0.0,15.0,5.0,7.0,0.0,12.0,7.0,0.0,0.0,7,2.0,2.0,0.0,4.0,19.0,19.0,0.0,38.0,165.0,82.0,1.0,248,271.0,137.0,1.0,409.0,166.0,64.0,0.0,230.0,33.0,27.0,0.0,60,635,310.0,2.0,947.0,654.0,329.0,2.0,985
Arunachal Pradesh,15.4,3.2,78.9,0.0,0.0,0.0,0.0,0.0,1.0,0.0,1.0,0.0,0.0,0.0,0,0.0,0.0,0.0,0.0,0.0,1.0,0.0,1.0,5.0,3.0,0.0,8,26.0,5.0,0.0,31.0,9.0,5.0,0.0,14.0,0.0,0.0,0.0,0,40,13.0,0.0,53.0,40.0,14.0,0.0,54
Assam,351.6,3.4,46.8,3.0,2.0,0.0,5.0,3.0,8.0,0.0,11.0,2.0,10.0,0.0,12,4.0,9.0,0.0,13.0,12.0,29.0,0.0,41.0,260.0,97.0,0.0,357,594.0,108.0,0.0,702.0,141.0,22.0,0.0,163.0,3.0,3.0,0.0,6,998,230.0,0.0,1228.0,1010.0,259.0,0.0,1269
Bihar,1237,2.3,90,6.0,3.0,0.0,9.0,18.0,10.0,0.0,28.0,27.0,20.0,0.0,47,15.0,14.0,0.0,29.0,66.0,47.0,0.0,113.0,828.0,290.0,0.0,1118,945.0,229.0,0.0,1174.0,308.0,88.0,0.0,396.0,24.0,1.0,0.0,25,2105,608.0,0.0,2713.0,2171.0,655.0,0.0,2826
Chhattisgarh,296.1,3.4,92.4,15.0,5.0,0.0,20.0,6.0,5.0,0.0,11.0,8.0,2.0,0.0,10,7.0,8.0,0.0,15.0,36.0,20.0,0.0,56.0,221.0,132.0,0.0,353,223.0,138.0,0.0,361.0,144.0,70.0,0.0,214.0,50.0,23.0,0.0,73,638,363.0,0.0,1001.0,674.0,383.0,0.0,1057
Goa,15.6,1.7,95.5,0.0,1.0,0.0,1.0,0.0,0.0,0.0,0.0,0.0,0.0,0.0,0,0.0,0.0,0.0,0.0,0.0,1.0,0.0,1.0,1.0,4.0,0.0,5,6.0,3.0,0.0,9.0,9.0,0.0,0.0,9.0,1.0,3.0,0.0,4,17,10.0,0.0,27.0,17.0,11.0,0.0,28
Gujarat,700.8,1.4,92.3,24.0,26.0,0.0,50.0,11.0,5.0,0.0,16.0,4.0,4.0,0.0,8,9.0,3.0,0.0,12.0,48.0,38.0,0.0,86.0,259.0,62.0,0.0,321,302.0,93.0,0.0,395.0,136.0,41.0,0.0,177.0,41.0,26.0,0.0,67,738,222.0,0.0,960.0,786.0,260.0,0.0,1046
Haryana,296,3.8,73.7,10.0,8.0,0.0,18.0,5.0,5.0,0.0,10.0,6.0,5.0,0.0,11,6.0,2.0,0.0,8.0,27.0,20.0,0.0,47.0,334.0,106.0,0.0,440,347.0,98.0,0.0,445.0,132.0,33.0,0.0,165.0,38.0,9.0,0.0,47,851,246.0,0.0,1097.0,878.0,266.0,0.0,1144
Himachal Pradesh,74.1,1.2,85.1,1.0,4.0,0.0,5.0,0.0,1.0,0.0,1.0,1.0,1.0,0.0,2,0.0,0.0,0.0,0.0,2.0,6.0,0.0,8.0,19.0,6.0,0.0,25,16.0,11.0,0.0,27.0,20.0,2.0,0.0,22.0,7.0,3.0,0.0,10,62,22.0,0.0,84.0,64.0,28.0,0.0,92
Jharkhand,386.4,4.1,84.6,0.0,0.0,0.0,0.0,2.0,0.0,0.0,2.0,2.0,2.0,0.0,4,2.0,4.0,0.0,6.0,6.0,6.0,0.0,12.0,561.0,181.0,0.0,742,506.0,151.0,0.0,657.0,144.0,45.0,0.0,189.0,6.0,0.0,0.0,6,1217,377.0,0.0,1594.0,1223.0,383.0,0.0,1606
Karnataka,669.9,2,91.5,19.0,28.0,0.0,47.0,17.0,12.0,0.0,29.0,7.0,9.0,0.0,16,9.0,7.0,0.0,16.0,52.0,56.0,0.0,108.0,274.0,116.0,1.0,391,446.0,164.0,1.0,611.0,169.0,63.0,0.0,232.0,51.0,36.0,0.0,87,940,379.0,2.0,1321.0,992.0,435.0,2.0,1429
Kerala,355.4,0.9,93.5,18.0,12.0,0.0,30.0,6.0,7.0,0.0,13.0,1.0,3.0,0.0,4,2.0,1.0,0.0,3.0,27.0,23.0,0.0,50.0,30.0,17.0,0.0,47,79.0,27.0,0.0,106.0,62.0,29.0,0.0,91.0,32.0,29.0,0.0,61,203,102.0,0.0,305.0,230.0,125.0,0.0,355
Madhya Pradesh,848.6,2.4,94.1,21.0,13.0,0.0,34.0,16.0,20.0,0.0,36.0,19.0,20.0,0.0,39,9.0,9.0,0.0,18.0,65.0,62.0,0.0,127.0,425.0,192.0,0.0,617,532.0,239.0,0.0,771.0,341.0,97.0,0.0,438.0,86.0,36.0,0.0,122,1384,564.0,0.0,1948.0,1449.0,626.0,0.0,2075
Maharashtra,1247.6,1.9,91.9,33.0,30.0,0.0,63.0,24.0,14.0,0.0,38.0,17.0,13.0,0.0,30,11.0,10.0,0.0,21.0,85.0,67.0,0.0,152.0,582.0,195.0,4.0,781,637.0,210.0,1.0,848.0,328.0,86.0,0.0,414.0,110.0,76.0,0.0,186,1657,567.0,5.0,2229.0,1742.0,634.0,5.0,2381
Manipur,31.7,1.5,42.2,1.0,0.0,0.0,1.0,0.0,0.0,0.0,0.0,0.0,0.0,0.0,0,0.0,0.0,0.0,0.0,1.0,0.0,0.0,1.0,17.0,3.0,0.0,20,18.0,2.0,0.0,20.0,9.0,1.0,0.0,10.0,1.0,0.0,0.0,1,45,6.0,0.0,51.0,46.0,6.0,0.0,52
Meghalaya,33,2.4,40.6,0.0,0.0,0.0,0.0,0.0,1.0,0.0,1.0,0.0,0.0,0.0,0,0.0,2.0,0.0,2.0,0.0,3.0,0.0,3.0,28.0,6.0,0.0,34,32.0,4.0,0.0,36.0,9.0,1.0,0.0,10.0,0.0,0.0,0.0,0,69,11.0,0.0,80.0,69.0,14.0,0.0,83
Mizoram,12.2,2,91.3,0.0,0.0,0.0,0.0,1.0,0.0,0.0,1.0,0.0,0.0,0.0,0,0.0,0.0,0.0,0.0,1.0,0.0,0.0,1.0,4.0,1.0,0.0,5,7.0,3.0,0.0,10.0,4.0,5.0,0.0,9.0,1.0,0.0,0.0,1,16,9.0,0.0,25.0,17.0,9.0,0.0,26
Nagaland,22,1.2,75,1.0,0.0,0.0,1.0,0.0,0.0,0.0,0.0,0.0,0.0,0.0,0,0.0,0.0,0.0,0.0,1.0,0.0,0.0,1.0,11.0,4.0,0.0,15,17.0,3.0,0.0,20.0,2.0,1.0,0.0,3.0,0.0,0.0,0.0,0,30,8.0,0.0,38.0,31.0,8.0,0.0,39
Odisha,457.9,3,81.1,1.0,0.0,0.0,1.0,0.0,0.0,0.0,0.0,0.0,0.0,0.0,0,2.0,6.0,0.0,8.0,3.0,6.0,0.0,9.0,565.0,473.0,0.0,1038,187.0,97.0,0.0,284.0,48.0,24.0,0.0,72.0,4.0,4.0,0.0,8,804,598.0,0.0,1402.0,807.0,604.0,0.0,1411
Punjab,304,2.4,83.7,4.0,10.0,0.0,14.0,5.0,6.0,0.0,11.0,5.0,2.0,0.0,7,5.0,2.0,0.0,7.0,19.0,20.0,0.0,39.0,172.0,32.0,0.0,204,226.0,57.0,0.0,283.0,125.0,47.0,0.0,172.0,46.0,19.0,0.0,65,569,155.0,0.0,724.0,588.0,175.0,0.0,763
Rajasthan,795.7,2.2,61.7,1.0,5.0,0.0,6.0,3.0,4.0,0.0,7.0,6.0,2.0,0.0,8,5.0,0.0,0.0,5.0,15.0,11.0,0.0,26.0,453.0,169.0,0.0,622,667.0,145.0,0.0,812.0,274.0,49.0,0.0,323.0,8.0,2.0,0.0,10,1402,365.0,0.0,1767.0,1417.0,376.0,0.0,1793
Sikkim,6.8,2.1,86.7,0.0,0.0,0.0,0.0,0.0,0.0,0.0,0.0,0.0,0.0,0.0,0,0.0,0.0,0.0,0.0,0.0,0.0,0.0,0.0,2.0,0.0,0.0,2,6.0,2.0,0.0,8.0,3.0,1.0,0.0,4.0,1.0,1.0,0.0,2,12,4.0,0.0,16.0,12.0,4.0,0.0,16
Tamil Nadu,764.8,2.2,96.6,14.0,24.0,0.0,38.0,9.0,8.0,0.0,17.0,3.0,2.0,0.0,5,4.0,5.0,0.0,9.0,30.0,39.0,0.0,69.0,365.0,124.0,0.0,489,478.0,133.0,0.0,611.0,280.0,89.0,1.0,370.0,135.0,67.0,0.0,202,1258,413.0,1.0,1672.0,1288.0,452.0,1.0,1741
Telangana,377.7,2.7,93.3,12.0,6.0,0.0,18.0,6.0,2.0,0.0,8.0,3.0,1.0,0.0,4,2.0,7.0,0.0,9.0,23.0,16.0,0.0,39.0,208.0,79.0,0.0,287,341.0,104.0,0.0,445.0,181.0,46.0,0.0,227.0,37.0,19.0,0.0,56,767,248.0,0.0,1015.0,790.0,264.0,0.0,1054
Tripura,40.8,3,80.5,2.0,0.0,0.0,2.0,1.0,2.0,0.0,3.0,0.0,0.0,0.0,0,0.0,0.0,0.0,0.0,3.0,2.0,0.0,5.0,25.0,22.0,0.0,47,35.0,15.0,0.0,50.0,16.0,8.0,0.0,24.0,3.0,1.0,0.0,4,79,46.0,0.0,125.0,82.0,48.0,0.0,130
Uttar Pradesh,2317,1.6,84.6,25.0,19.0,0.0,44.0,30.0,37.0,0.0,67.0,54.0,43.0,0.0,97,27.0,31.0,0.0,58.0,136.0,130.0,0.0,266.0,1081.0,405.0,0.0,1486,978.0,311.0,0.0,1289.0,537.0,144.0,0.0,681.0,81.0,22.0,0.0,103,2677,882.0,0.0,3559.0,2813.0,1012.0,0.0,3825
Uttarakhand,114.4,1.8,79.1,0.0,0.0,0.0,0.0,2.0,0.0,0.0,2.0,0.0,0.0,0.0,0,2.0,1.0,0.0,3.0,4.0,1.0,0.0,5.0,60.0,20.0,0.0,80,72.0,24.0,0.0,96.0,21.0,5.0,0.0,26.0,5.0,2.0,0.0,7,158,51.0,0.0,209.0,162.0,52.0,0.0,214
West Bengal,982.9,1.9,86,5.0,10.0,0.0,15.0,7.0,8.0,0.0,15.0,8.0,6.0,0.0,14,8.0,6.0,0.0,14.0,28.0,30.0,0.0,58.0,406.0,425.0,0.0,831,488.0,285.0,0.0,773.0,182.0,71.0,0.0,253.0,3.0,1.0,0.0,4,1079,782.0,0.0,1861.0,1107.0,812.0,0.0,1919
A&N Islands,4,4,100,0.0,1.0,0.0,1.0,0.0,0.0,0.0,0.0,0.0,0.0,0.0,0,0.0,0.0,0.0,0.0,0.0,1.0,0.0,1.0,3.0,2.0,0.0,5,5.0,4.0,0.0,9.0,2.0,0.0,0.0,2.0,1.0,0.0,0.0,1,11,6.0,0.0,17.0,11.0,7.0,0.0,18
Chandigarh,12.1,1.4,80,0.0,0.0,0.0,0.0,0.0,1.0,0.0,1.0,0.0,0.0,0.0,0,0.0,0.0,0.0,0.0,0.0,1.0,0.0,1.0,6.0,1.0,0.0,7,4.0,2.0,0.0,6.0,1.0,0.0,0.0,1.0,1.0,2.0,0.0,3,12,5.0,0.0,17.0,12.0,6.0,0.0,18
D&N Haveli and Daman & Diu,11.1,1.3,93.3,0.0,1.0,0.0,1.0,0.0,0.0,0.0,0.0,0.0,0.0,0.0,0,0.0,0.0,0.0,0.0,0.0,1.0,0.0,1.0,2.0,1.0,0.0,3,3.0,1.0,0.0,4.0,4.0,1.0,0.0,5.0,1.0,0.0,0.0,1,10,3.0,0.0,13.0,10.0,4.0,0.0,14
Delhi,207,2.2,95.6,3.0,1.0,0.0,4.0,5.0,3.0,0.0,8.0,5.0,1.0,0.0,6,8.0,3.0,0.0,11.0,21.0,8.0,0.0,29.0,162.0,54.0,0.0,216,146.0,33.0,0.0,179.0,31.0,6.0,0.0,37.0,8.0,9.0,0.0,17,347,102.0,0.0,449.0,368.0,110.0,0.0,478
Jammu & Kashmir,134.4,1,79.9,2.0,0.0,0.0,2.0,1.0,1.0,0.0,2.0,2.0,0.0,0.0,2,1.0,0.0,0.0,1.0,6.0,1.0,0.0,7.0,31.0,9.0,0.0,40,73.0,10.0,0.0,83.0,26.0,6.0,0.0,32.0,1.0,1.0,0.0,2,131,26.0,0.0,157.0,137.0,27.0,0.0,164
Ladakh,3,1.7,100,0.0,0.0,0.0,0.0,0.0,0.0,0.0,0.0,0.0,0.0,0.0,0,0.0,0.0,0.0,0.0,0.0,0.0,0.0,0.0,2.0,0.0,0.0,2,2.0,1.0,0.0,3.0,0.0,0.0,0.0,0.0,0.0,0.0,0.0,0,4,1.0,0.0,5.0,4.0,1.0,0.0,5
Lakshadweep,0.7,1.5,-,0.0,1.0,0.0,1.0,0.0,0.0,0.0,0.0,0.0,0.0,0.0,0,0.0,0.0,0.0,0.0,0.0,1.0,0.0,1.0,0.0,0.0,0.0,0,0.0,0.0,0.0,0.0,0.0,0.0,0.0,0.0,0.0,0.0,0.0,0,0,0.0,0.0,0.0,0.0,1.0,0.0,1
Puducherry,15.8,1.2,97.3,0.0,0.0,0.0,0.0,0.0,0.0,0.0,0.0,0.0,0.0,0.0,0,0.0,0.0,0.0,0.0,0.0,0.0,0.0,0.0,16.0,5.0,0.0,21,0.0,0.0,0.0,0.0,0.0,0.0,0.0,0.0,0.0,0.0,0.0,0,16,5.0,0.0,21.0,16.0,5.0,0.0,21
