State/UT,Mid-Year Projected Population (in Lakhs) (2022),Rate of Murder (2022),Chargesheeting Rate (2022),Child (Below 6 Years) M,Child (Below 6 Years) F,Child (Below 6 Years) Trans,Child (Below 6 Years) Total,Child (6 to 12 Years) M,Child (6 to 12 Years) F,Child (6 to 12 Years) Trans,Child (6 to 12 Years) Total,Child (12 to 16 Years) M,Child (12 to 16 Years) F,Child (12 to 16 Years) Trans,Child (12 to 16 Years) Total,Child (16 to 18 Years) M,Child (16 to 18 Years) F,Child (16 to 18 Years) Trans,Child (16 to 18 Years) Total,Total Child Victims M,Total Child Victims F,Total Child Victims Trans,Total Child Victims,Adult (18 to 30 Years) M,Adult (18 to 30 Years) F,Adult (18 to 30 Years) Trans,Adult (18 to 30 Years) Total,Adult (30 to 45 Years) M,Adult (30 to 45 Years) F,Adult (30 to 45 Years) Trans,Adult (30 to 45 Years) Total,Adult (45 to 60 Years) M,Adult (45 to 60 Years) F,Adult (45 to 60 Years) Trans,Adult (45 to 60 Years) Total,Adult (Above 60 Years) M,Adult (Above 60 Years) F,Adult (Above 60 Years) Trans,Adult (Above 60 Years) Total,Total Adult Victims M,Total Adult Victims F,Total Adult Victims Trans,Total Adult Victims,Total Victims M,Total Victims F,Total Victims Trans,Total Number Of Murders(2022)
Andhra Pradesh,530.3,1.7,93.1,5.0,7.0,0,12.0,6.0,3.0,0.0,9.0,3.0,2.0,0.0,5,6.0,2.0,0,8.0,20.0,14.0,0.0,34.0,158.0,87.0,1.0,246,287.0,112.0,1,400.0,135.0,83.0,0.0,218.0,44.0,40.0,0.0,84,624,322.0,2.0,948.0,644.0,336.0,2.0,982
Arunachal Pradesh,15.5,3.6,75.3,2.0,1.0,0,3.0,0.0,0.0,0.0,0.0,0.0,0.0,0.0,0,1.0,0.0,0,1.0,3.0,1.0,0.0,4.0,15.0,5.0,0.0,20,18.0,6.0,0,24.0,9.0,0.0,0.0,9.0,1.0,0.0,0.0,1,43,11.0,0.0,54.0,46.0,12.0,0.0,58
Assam,354.9,3.0,37.1,0.0,2.0,0,2.0,3.0,2.0,0.0,5.0,1.0,6.0,0.0,7,2.0,6.0,0,8.0,6.0,16.0,0.0,22.0,255.0,104.0,0.0,359,442.0,133.0,0,575.0,106.0,13.0,0.0,119.0,3.0,4.0,0.0,7,806,254.0,0.0,1060.0,812.0,270.0,0.0,1082
Bihar,1255.3,2.3,92.1,2.0,2.0,0,4.0,10.0,1.0,0.0,11.0,21.0,13.0,0.0,34,5.0,14.0,0,19.0,38.0,30.0,0.0,68.0,988.0,239.0,0.0,1227,879.0,278.0,0,1157.0,402.0,65.0,0.0,467.0,33.0,6.0,0.0,39,2302,588.0,0.0,2890.0,2340.0,618.0,0.0,2958
Chhattisgarh,299.5,3.4,93.0,12.0,8.0,0,20.0,10.0,9.0,0.0,19.0,6.0,5.0,0.0,11,1.0,10.0,0,11.0,29.0,32.0,0.0,61.0,179.0,105.0,0.0,284,213.0,160.0,0,373.0,153.0,72.0,0.0,225.0,60.0,30.0,0.0,90,605,367.0,0.0,972.0,634.0,399.0,0.0,1033
Goa,15.7,2.8,88.6,1.0,2.0,0,3.0,0.0,0.0,0.0,0.0,0.0,0.0,0.0,0,0.0,0.0,0,0.0,1.0,2.0,0.0,3.0,5.0,6.0,0.0,11,14.0,7.0,0,21.0,1.0,3.0,0.0,4.0,5.0,0.0,0.0,5,25,16.0,0.0,41.0,26.0,18.0,0.0,44
Gujarat,709.3,1.4,91.8,20.0,25.0,0,45.0,10.0,11.0,0.0,21.0,5.0,8.0,0.0,13,6.0,3.0,0,9.0,41.0,47.0,0.0,88.0,220.0,74.0,0.0,294,283.0,89.0,1,373.0,161.0,40.0,0.0,201.0,36.0,13.0,0.0,49,700,216.0,1.0,917.0,741.0,263.0,1.0,1005
Haryana,299.7,3.4,74.0,10.0,5.0,0,15.0,11.0,11.0,0.0,22.0,7.0,4.0,0.0,11,16.0,0.0,0,16.0,44.0,20.0,0.0,64.0,307.0,81.0,0.0,388,301.0,84.0,0,385.0,138.0,24.0,0.0,162.0,39.0,9.0,0.0,48,785,198.0,0.0,983.0,829.0,218.0,0.0,1047
Himachal Pradesh,74.4,1.1,90.3,1.0,0.0,0,1.0,2.0,0.0,0.0,2.0,0.0,1.0,0.0,1,0.0,1.0,0,1.0,3.0,2.0,0.0,5.0,27.0,11.0,0.0,38,20.0,6.0,0,26.0,12.0,3.0,0.0,15.0,5.0,1.0,0.0,6,64,21.0,0.0,85.0,67.0,23.0,0.0,90
Jharkhand,391.4,4.0,81.5,0.0,2.0,0,2.0,0.0,3.0,0.0,3.0,2.0,0.0,0.0,2,6.0,4.0,0,10.0,8.0,9.0,0.0,17.0,564.0,174.0,0.0,738,441.0,150.0,0,591.0,168.0,40.0,0.0,208.0,5.0,0.0,0.0,5,1178,364.0,0.0,1542.0,1186.0,373.0,0.0,1559
Karnataka,674.1,2.1,90.2,16.0,28.0,0,44.0,18.0,18.0,0.0,36.0,8.0,5.0,0.0,13,6.0,4.0,0,10.0,48.0,55.0,0.0,103.0,318.0,109.0,1.0,428,384.0,205.0,2,591.0,199.0,68.0,0.0,267.0,58.0,35.0,0.0,93,959,417.0,3.0,1379.0,1007.0,472.0,3.0,1482
Kerala,356.8,0.9,96.1,8.0,8.0,0,16.0,7.0,4.0,0.0,11.0,3.0,5.0,0.0,8,0.0,2.0,0,2.0,18.0,19.0,0.0,37.0,41.0,18.0,0.0,59,74.0,31.0,0,105.0,70.0,28.0,0.0,98.0,33.0,29.0,0.0,62,218,106.0,0.0,324.0,236.0,125.0,0.0,361
Madhya Pradesh,858.9,2.3,94.7,13.0,14.0,0,27.0,8.0,10.0,0.0,18.0,18.0,20.0,0.0,38,13.0,16.0,0,29.0,52.0,60.0,0.0,112.0,437.0,194.0,1.0,632,512.0,195.0,0,707.0,353.0,89.0,0.0,442.0,89.0,40.0,0.0,129,1391,518.0,1.0,1910.0,1443.0,578.0,1.0,2022
Maharashtra,1257.4,1.8,92.5,34.0,26.0,0,60.0,12.0,19.0,0.0,31.0,15.0,9.0,0.0,24,17.0,7.0,0,24.0,78.0,61.0,0.0,139.0,559.0,202.0,0.0,761,630.0,198.0,0,828.0,357.0,82.0,0.0,439.0,127.0,71.0,0.0,198,1673,553.0,0.0,2226.0,1751.0,614.0,0.0,2365
Manipur,32.0,1.5,37.5,0.0,0.0,0,0.0,0.0,2.0,0.0,2.0,0.0,0.0,0.0,0,1.0,0.0,0,1.0,1.0,2.0,0.0,3.0,16.0,0.0,0.0,16,21.0,3.0,0,24.0,5.0,1.0,0.0,6.0,0.0,0.0,0.0,0,42,4.0,0.0,46.0,43.0,6.0,0.0,49
Meghalaya,33.3,2.2,37.3,1.0,3.0,0,4.0,0.0,0.0,0.0,0.0,0.0,1.0,0.0,1,1.0,0.0,0,1.0,2.0,4.0,0.0,6.0,12.0,3.0,0.0,15,33.0,6.0,0,39.0,16.0,2.0,0.0,18.0,0.0,0.0,0.0,0,61,11.0,0.0,72.0,63.0,15.0,0.0,78
Mizoram,12.3,2.5,95.7,0.0,0.0,0,0.0,2.0,0.0,0.0,2.0,0.0,1.0,0.0,1,0.0,0.0,0,0.0,2.0,1.0,0.0,3.0,9.0,3.0,0.0,12,10.0,5.0,0,15.0,1.0,1.0,0.0,2.0,0.0,0.0,0.0,0,20,9.0,0.0,29.0,22.0,10.0,0.0,32
Nagaland,22.2,0.9,62.1,1.0,0.0,0,1.0,0.0,0.0,0.0,0.0,0.0,0.0,0.0,0,0.0,0.0,0,0.0,1.0,0.0,0.0,1.0,4.0,3.0,0.0,7,9.0,1.0,0,10.0,3.0,0.0,0.0,3.0,1.0,0.0,0.0,1,17,4.0,0.0,21.0,18.0,4.0,0.0,22
Odisha,460.8,3.0,77.0,0.0,1.0,0,1.0,0.0,1.0,0.0,1.0,0.0,1.0,0.0,1,0.0,5.0,0,5.0,0.0,8.0,0.0,8.0,648.0,469.0,0.0,1117,153.0,92.0,0,245.0,11.0,17.0,0.0,28.0,3.0,1.0,0.0,4,815,579.0,0.0,1394.0,815.0,587.0,0.0,1402
Punjab,306.0,2.2,83.7,10.0,11.0,0,21.0,7.0,2.0,0.0,9.0,2.0,2.0,0.0,4,6.0,2.0,0,8.0,25.0,17.0,0.0,42.0,150.0,47.0,0.0,197,200.0,67.0,0,267.0,100.0,27.0,0.0,127.0,42.0,28.0,0.0,70,492,169.0,0.0,661.0,517.0,186.0,0.0,703
Rajasthan,804.4,2.3,57.5,4.0,4.0,0,8.0,3.0,3.0,0.0,6.0,5.0,2.0,0.0,7,5.0,4.0,0,9.0,17.0,13.0,0.0,30.0,537.0,152.0,0.0,689,653.0,130.0,0,783.0,284.0,46.0,0.0,330.0,6.0,1.0,0.0,7,1480,329.0,0.0,1809.0,1497.0,342.0,0.0,1839
Sikkim,6.8,1.3,100.0,0.0,0.0,0,0.0,0.0,0.0,0.0,0.0,0.0,0.0,0.0,0,0.0,0.0,0,0.0,0.0,0.0,0.0,0.0,1.0,0.0,0.0,1,5.0,1.0,0,6.0,1.0,0.0,0.0,1.0,1.0,2.0,0.0,3,8,3.0,0.0,11.0,8.0,3.0,0.0,11
Tamil Nadu,767.1,2.2,96.9,26.0,13.0,0,39.0,6.0,9.0,0.0,15.0,7.0,9.0,0.0,16,9.0,2.0,0,11.0,48.0,33.0,0.0,81.0,360.0,99.0,0.0,459,466.0,126.0,1,593.0,324.0,98.0,0.0,422.0,134.0,67.0,0.0,201,1284,390.0,1.0,1675.0,1332.0,423.0,1.0,1756
Telangana,379.5,2.5,92.2,7.0,9.0,0,16.0,7.0,7.0,0.0,14.0,11.0,8.0,0.0,19,6.0,5.0,0,11.0,31.0,29.0,0.0,60.0,150.0,63.0,0.0,213,310.0,100.0,0,410.0,172.0,48.0,0.0,220.0,44.0,21.0,0.0,65,676,232.0,0.0,908.0,707.0,261.0,0.0,968
Tripura,41.2,2.6,72.3,0.0,2.0,0,2.0,1.0,1.0,0.0,2.0,1.0,3.0,0.0,4,1.0,1.0,0,2.0,3.0,7.0,0.0,10.0,16.0,13.0,0.0,29,25.0,20.0,0,45.0,14.0,8.0,0.0,22.0,8.0,3.0,0.0,11,63,44.0,0.0,107.0,66.0,51.0,0.0,117
Uttar Pradesh,2340.9,1.5,83.0,14.0,16.0,0,30.0,21.0,13.0,0.0,34.0,36.0,26.0,0.0,62,56.0,58.0,0,114.0,127.0,113.0,0.0,240.0,1036.0,352.0,0.0,1388,986.0,331.0,1,1318.0,448.0,102.0,0.0,550.0,74.0,29.0,0.0,103,2544,814.0,1.0,3359.0,2671.0,927.0,1.0,3599
Uttarakhand,115.6,1.6,78.6,0.0,1.0,0,1.0,0.0,1.0,0.0,1.0,5.0,2.0,0.0,7,0.0,1.0,0,1.0,5.0,5.0,0.0,10.0,52.0,21.0,0.0,73,55.0,15.0,0,70.0,32.0,4.0,0.0,36.0,1.0,0.0,0.0,1,140,40.0,0.0,180.0,145.0,45.0,0.0,190
West Bengal,987.6,1.7,82.9,5.0,8.0,0,13.0,10.0,2.0,0.0,12.0,9.0,8.0,0.0,17,9.0,5.0,0,14.0,33.0,23.0,0.0,56.0,372.0,423.0,0.0,795,388.0,262.0,0,650.0,159.0,92.0,0.0,251.0,2.0,2.0,0.0,4,921,779.0,0.0,1700.0,954.0,802.0,0.0,1756
A&N Islands,4.0,1.7,87.5,0.0,0.0,0,0.0,0.0,1.0,0.0,1.0,0.0,0.0,0.0,0,0.0,0.0,0,0.0,0.0,1.0,0.0,1.0,1.0,0.0,0.0,1,2.0,1.0,0,3.0,0.0,1.0,0.0,1.0,0.0,1.0,0.0,1,3,3.0,0.0,6.0,3.0,4.0,0.0,7
Chandigarh,12.2,1.5,78.6,0.0,1.0,0,1.0,0.0,0.0,0.0,0.0,0.0,0.0,0.0,0,0.0,0.0,0,0.0,0.0,1.0,0.0,1.0,10.0,3.0,0.0,13,4.0,1.0,0,5.0,0.0,0.0,0.0,0.0,0.0,0.0,0.0,0,14,4.0,0.0,18.0,14.0,5.0,0.0,19
D&N Haveli and Daman & Diu,12.0,1.3,88.9,0.0,0.0,0,0.0,1.0,0.0,0.0,1.0,0.0,0.0,0.0,0,0.0,0.0,0,0.0,1.0,0.0,0.0,1.0,5.0,1.0,0.0,6,5.0,2.0,0,7.0,0.0,1.0,0.0,1.0,1.0,0.0,0.0,1,11,4.0,0.0,15.0,12.0,4.0,0.0,16
Delhi,211.0,2.4,95.1,3.0,1.0,0,4.0,6.0,0.0,0.0,6.0,8.0,0.0,0.0,8,3.0,1.0,0,4.0,20.0,2.0,0.0,22.0,213.0,38.0,0.0,251,159.0,32.0,0,191.0,33.0,12.0,0.0,45.0,15.0,7.0,0.0,22,420,89.0,0.0,509.0,440.0,91.0,0.0,531
Jammu & Kashmir,135.4,0.7,82.4,1.0,0.0,0,1.0,1.0,1.0,0.0,2.0,1.0,0.0,0.0,1,0.0,0.0,0,0.0,3.0,1.0,0.0,4.0,25.0,10.0,0.0,35,38.0,11.0,0,49.0,20.0,3.0,0.0,23.0,1.0,3.0,0.0,4,84,27.0,0.0,111.0,87.0,28.0,0.0,115
Ladakh,3.0,1.7,80.0,0.0,0.0,0,0.0,0.0,0.0,0.0,0.0,0.0,0.0,0.0,0,0.0,0.0,0,0.0,0.0,0.0,0.0,0.0,10.0,0.0,0.0,10,9.0,1.0,0,10.0,4.0,0.0,0.0,4.0,0.0,0.0,0.0,0,23,1.0,0.0,24.0,23.0,1.0,0.0,24
Lakshadweep,0.7,0.0,,0.0,0.0,0,0.0,0.0,0.0,0.0,0.0,0.0,0.0,0.0,0,0.0,0.0,0,0.0,0.0,0.0,0.0,0.0,0.0,0.0,0.0,0,0.0,0.0,0,0.0,0.0,0.0,0.0,0.0,0.0,0.0,0.0,0,0,0.0,0.0,0.0,0.0,0.0,0.0,0
Puducherry,16.2,1.9,96.2,1.0,0.0,0,1.0,0.0,1.0,0.0,1.0,1.0,0.0,0.0,1,0.0,1.0,0,1.0,2.0,2.0,0.0,4.0,8.0,1.0,0.0,9,8.0,4.0,0,12.0,3.0,2.0,0.0,5.0,2.0,2.0,0.0,4,21,9.0,0.0,30.0,23.0,11.0,0.0,34
