State/UT,Mid-Year Projected Population (in Lakhs) (2020),Rate of Murder (2020),Chargesheeting Rate (2020),Child (Below 6 Years) M,Child (Below 6 Years) F,Child (Below 6 Years) Trans,Child (Below 6 Years) Total,Child (6 to 12 Years) M,Child (6 to 12 Years) F,Child (6 to 12 Years) Trans,Child (6 to 12 Years) Total,Child (12 to 16 Years) M,Child (12 to 16 Years) F,Child (12 to 16 Years) Trans,Child (12 to 16 Years) Total,Child (16 to 18 Years) M,Child (16 to 18 Years) F,Child (16 to 18 Years) Trans,Child (16 to 18 Years) Total,Total Child Victims M,Total Child Victims F,Total Child Victims Trans,Total Child Victims,Adult (18 to 30 Years) M,Adult (18 to 30 Years) F,Adult (18 to 30 Years) Trans,Adult (18 to 30 Years) Total,Adult (30 to 45 Years) M,Adult (30 to 45 Years) F,Adult (30 to 45 Years) Trans,Adult (30 to 45 Years) Total,Adult (45 to 60 Years) M,Adult (45 to 60 Years) F,Adult (45 to 60 Years) Trans,Adult (45 to 60 Years) Total,Adult (Above 60 Years) M,Adult (Above 60 Years) F,Adult (Above 60 Years) Trans,Adult (Above 60 Years) Total,Total Adult Victims M,Total Adult Victims F,Total Adult Victims Trans,Total Adult Victims,Total Victims M,Total Victims F,Total Victims Trans,Total Victims
Andhra Pradesh,526,1.6,90.2,3.0,10.0,0.0,13.0,4.0,7.0,0.0,11.0,3.0,4.0,0.0,7,4.0,4.0,0.0,8.0,14.0,25.0,0.0,39.0,148.0,92.0,0.0,240,243.0,106.0,0.0,349.0,142.0,65.0,0.0,207.0,34.0,19.0,0.0,53,567.0,282.0,0.0,849.0,581.0,307.0,0.0,888
Arunachal Pradesh,15.2,3,75.5,0.0,1.0,0.0,1.0,0.0,1.0,0.0,1.0,1.0,0.0,0.0,1,0.0,0.0,0.0,0.0,1.0,2.0,0.0,3.0,13.0,5.0,0.0,18,16.0,4.0,0.0,20.0,6.0,2.0,0.0,8.0,0.0,0.0,0.0,0,35.0,11.0,0.0,46.0,36.0,13.0,0.0,49
Assam,347.9,3.3,72.8,1.0,1.0,0.0,2.0,6.0,4.0,0.0,10.0,5.0,9.0,0.0,14,0.0,4.0,0.0,4.0,12.0,18.0,0.0,30.0,316.0,83.0,0.0,399,497.0,81.0,0.0,578.0,124.0,8.0,0.0,132.0,0.0,0.0,0.0,0,937.0,172.0,0.0,1109.0,949.0,190.0,0.0,1139
Bihar,1219,2.6,91.4,3.0,4.0,0.0,7.0,23.0,3.0,0.0,26.0,26.0,15.0,0.0,41,32.0,6.0,0.0,38.0,84.0,28.0,0.0,112.0,1042.0,308.0,0.0,1350,1056.0,190.0,0.0,1246.0,372.0,63.0,0.0,435.0,39.0,13.0,0.0,52,2509.0,574.0,0.0,3083.0,2593.0,602.0,0.0,3195
Chhattisgarh,292.4,3.3,92.2,18.0,10.0,0.0,28.0,7.0,12.0,0.0,19.0,9.0,6.0,0.0,15,2.0,7.0,0.0,9.0,36.0,35.0,0.0,71.0,187.0,118.0,0.0,305,279.0,114.0,0.0,393.0,129.0,59.0,1.0,189.0,39.0,27.0,0.0,66,634.0,318.0,1.0,953.0,670.0,353.0,1.0,1024
Goa,15.5,2.2,89.7,1.0,0.0,0.0,1.0,1.0,0.0,0.0,1.0,0.0,0.0,0.0,0,0.0,1.0,0.0,1.0,2.0,1.0,0.0,3.0,12.0,4.0,0.0,16,9.0,1.0,0.0,10.0,4.0,2.0,0.0,6.0,1.0,1.0,0.0,2,26.0,8.0,0.0,34.0,28.0,9.0,0.0,37
Gujarat,691.7,1.4,90.3,22.0,15.0,0.0,37.0,12.0,17.0,0.0,29.0,4.0,3.0,0.0,7,7.0,5.0,0.0,12.0,45.0,40.0,0.0,85.0,278.0,57.0,0.0,335,297.0,104.0,2.0,403.0,105.0,34.0,0.0,139.0,36.0,25.0,0.0,61,716.0,220.0,2.0,938.0,761.0,260.0,2.0,1023
Haryana,292.1,3.9,72.1,11.0,12.0,0.0,23.0,6.0,9.0,0.0,15.0,6.0,3.0,0.0,9,12.0,0.0,0.0,12.0,35.0,24.0,0.0,59.0,341.0,89.0,1.0,431,347.0,91.0,0.0,438.0,162.0,29.0,0.0,191.0,38.0,8.0,0.0,46,888.0,217.0,1.0,1106.0,923.0,241.0,1.0,1165
Himachal Pradesh,73.6,1.2,78.4,0.0,2.0,0.0,2.0,2.0,0.0,0.0,2.0,1.0,0.0,0.0,1,1.0,0.0,0.0,1.0,4.0,2.0,0.0,6.0,16.0,7.0,0.0,23,22.0,11.0,0.0,33.0,15.0,9.0,0.0,24.0,4.0,3.0,0.0,7,57.0,30.0,0.0,87.0,61.0,32.0,0.0,93
Jharkhand,381.2,4.2,80,8.0,7.0,0.0,15.0,4.0,5.0,0.0,9.0,2.0,6.0,0.0,8,0.0,3.0,0.0,3.0,14.0,21.0,0.0,35.0,463.0,138.0,0.0,601,637.0,148.0,0.0,785.0,175.0,38.0,0.0,213.0,0.0,0.0,0.0,0,1275.0,324.0,0.0,1599.0,1289.0,345.0,0.0,1634
Karnataka,665,2,91.6,25.0,40.0,0.0,65.0,17.0,13.0,0.0,30.0,3.0,3.0,0.0,6,4.0,9.0,0.0,13.0,49.0,65.0,0.0,114.0,271.0,135.0,2.0,408,425.0,177.0,0.0,602.0,174.0,55.0,0.0,229.0,47.0,20.0,0.0,67,917.0,387.0,2.0,1306.0,966.0,452.0,2.0,1420
Kerala,353.7,0.9,87.8,10.0,11.0,0.0,21.0,5.0,0.0,0.0,5.0,3.0,1.0,0.0,4,1.0,3.0,0.0,4.0,19.0,15.0,0.0,34.0,31.0,11.0,0.0,42,75.0,19.0,0.0,94.0,73.0,20.0,0.0,93.0,43.0,17.0,0.0,60,222.0,67.0,0.0,289.0,241.0,82.0,0.0,323
Madhya Pradesh,837.6,2.5,91.5,19.0,21.0,0.0,40.0,27.0,16.0,0.0,43.0,21.0,16.0,0.0,37,15.0,16.0,0.0,31.0,82.0,69.0,0.0,151.0,499.0,205.0,0.0,704,545.0,241.0,0.0,786.0,293.0,82.0,0.0,375.0,92.0,47.0,0.0,139,1429.0,575.0,0.0,2004.0,1511.0,644.0,0.0,2155
Maharashtra,1236.8,1.7,88.8,38.0,36.0,0.0,74.0,23.0,24.0,0.0,47.0,16.0,12.0,0.0,28,15.0,6.0,0.0,21.0,92.0,78.0,0.0,170.0,512.0,172.0,0.0,684,597.0,193.0,0.0,790.0,335.0,64.0,0.0,399.0,129.0,57.0,0.0,186,1573.0,486.0,0.0,2059.0,1665.0,564.0,0.0,2229
Manipur,31.4,1.5,57.1,0.0,1.0,0.0,1.0,0.0,0.0,0.0,0.0,1.0,0.0,0.0,1,0.0,0.0,0.0,0.0,1.0,1.0,0.0,2.0,12.0,3.0,0.0,15,20.0,2.0,0.0,22.0,7.0,3.0,0.0,10.0,0.0,0.0,0.0,0,39.0,8.0,0.0,47.0,40.0,9.0,0.0,49
Meghalaya,32.6,2.4,12.4,0.0,0.0,0.0,0.0,1.0,1.0,0.0,2.0,0.0,1.0,0.0,1,0.0,0.0,0.0,0.0,1.0,2.0,0.0,3.0,26.0,4.0,0.0,30,25.0,2.0,0.0,27.0,16.0,1.0,0.0,17.0,2.0,0.0,0.0,2,69.0,7.0,0.0,76.0,70.0,9.0,0.0,79
Mizoram,12.1,2.3,81,0.0,0.0,0.0,0.0,0.0,0.0,0.0,0.0,0.0,0.0,0.0,0,0.0,0.0,0.0,0.0,0.0,0.0,0.0,0.0,3.0,2.0,0.0,5,10.0,4.0,0.0,14.0,6.0,3.0,0.0,9.0,0.0,0.0,0.0,0,19.0,9.0,0.0,28.0,19.0,9.0,0.0,28
Nagaland,21.8,1.1,66.7,1.0,1.0,0.0,2.0,0.0,0.0,0.0,0.0,0.0,2.0,0.0,2,0.0,1.0,0.0,1.0,1.0,4.0,0.0,5.0,3.0,3.0,0.0,6,7.0,2.0,0.0,9.0,3.0,2.0,0.0,5.0,0.0,0.0,0.0,0,13.0,7.0,0.0,20.0,14.0,11.0,0.0,25
Odisha,454.7,3.2,88.5,0.0,0.0,0.0,0.0,0.0,0.0,0.0,0.0,1.0,4.0,0.0,5,0.0,7.0,0.0,7.0,1.0,11.0,0.0,12.0,527.0,366.0,0.0,893,232.0,165.0,0.0,397.0,99.0,52.0,0.0,151.0,13.0,4.0,0.0,17,871.0,587.0,0.0,1458.0,872.0,598.0,0.0,1470
Punjab,301.8,2.5,87.3,4.0,10.0,0.0,14.0,5.0,4.0,0.0,9.0,7.0,3.0,0.0,10,9.0,2.0,0.0,11.0,25.0,19.0,0.0,44.0,195.0,53.0,0.0,248,256.0,73.0,0.0,329.0,165.0,23.0,0.0,188.0,60.0,13.0,0.0,73,676.0,162.0,0.0,838.0,701.0,181.0,0.0,882
Rajasthan,786.1,2.2,64.4,5.0,5.0,0.0,10.0,12.0,5.0,0.0,17.0,3.0,4.0,0.0,7,7.0,4.0,0.0,11.0,27.0,18.0,0.0,45.0,437.0,122.0,0.0,559,627.0,134.0,0.0,761.0,315.0,59.0,0.0,374.0,5.0,1.0,0.0,6,1384.0,316.0,0.0,1700.0,1411.0,334.0,0.0,1745
Sikkim,6.7,1.6,70,0.0,0.0,0.0,0.0,0.0,0.0,0.0,0.0,0.0,0.0,0.0,0,0.0,0.0,0.0,0.0,0.0,0.0,0.0,0.0,2.0,2.0,0.0,4,2.0,1.0,0.0,3.0,2.0,1.0,0.0,3.0,1.0,0.0,0.0,1,7.0,4.0,0.0,11.0,7.0,4.0,0.0,11
Tamil Nadu,761.7,2.2,96,18.0,31.0,0.0,49.0,13.0,15.0,0.0,28.0,5.0,6.0,0.0,11,10.0,5.0,0.0,15.0,46.0,57.0,0.0,103.0,395.0,91.0,0.0,486,477.0,132.0,2.0,611.0,273.0,84.0,1.0,358.0,114.0,69.0,0.0,183,1259.0,376.0,3.0,1638.0,1305.0,433.0,3.0,1741
Telangana,375.4,2.1,87,12.0,8.0,0.0,20.0,6.0,6.0,0.0,12.0,1.0,4.0,0.0,5,2.0,1.0,0.0,3.0,21.0,19.0,0.0,40.0,163.0,93.0,0.0,256,257.0,98.0,0.0,355.0,96.0,30.0,0.0,126.0,29.0,21.0,0.0,50,545.0,242.0,0.0,787.0,566.0,261.0,0.0,827
Tripura,40.4,2.8,82.8,2.0,2.0,0.0,4.0,1.0,0.0,0.0,1.0,1.0,0.0,0.0,1,1.0,0.0,0.0,1.0,5.0,2.0,0.0,7.0,8.0,21.0,0.0,29,25.0,24.0,0.0,49.0,19.0,8.0,0.0,27.0,1.0,1.0,0.0,2,53.0,54.0,0.0,107.0,58.0,56.0,0.0,114
Uttar Pradesh,2289.3,1.7,86.4,14.0,31.0,0.0,45.0,34.0,32.0,0.0,66.0,47.0,58.0,0.0,105,45.0,28.0,0.0,73.0,140.0,149.0,0.0,289.0,1201.0,365.0,0.0,1566,1023.0,302.0,0.0,1325.0,550.0,110.0,0.0,660.0,78.0,21.0,0.0,99,2852.0,798.0,0.0,3650.0,2992.0,947.0,0.0,3939
Uttarakhand,113.1,1.4,81.5,1.0,0.0,0.0,1.0,2.0,0.0,0.0,2.0,3.0,0.0,0.0,3,2.0,0.0,0.0,2.0,8.0,0.0,0.0,8.0,42.0,10.0,0.0,52,53.0,14.0,0.0,67.0,27.0,7.0,0.0,34.0,0.0,0.0,0.0,0,122.0,31.0,0.0,153.0,130.0,31.0,0.0,161
West Bengal,977.2,2,87.5,10.0,11.0,0.0,21.0,6.0,7.0,0.0,13.0,7.0,6.0,0.0,13,7.0,15.0,0.0,22.0,30.0,39.0,0.0,69.0,354.0,459.0,0.0,813,515.0,316.0,0.0,831.0,168.0,88.0,0.0,256.0,8.0,5.0,0.0,13,1045.0,868.0,0.0,1913.0,1075.0,907.0,0.0,1982
A&N Islands,4,1.3,100,0.0,0.0,0.0,0.0,0.0,0.0,0.0,0.0,0.0,0.0,0.0,0,0.0,1.0,0.0,1.0,0.0,1.0,0.0,1.0,1.0,0.0,0.0,1,3.0,0.0,0.0,3.0,0.0,0.0,0.0,0.0,1.0,0.0,0.0,1,5.0,0.0,0.0,5.0,5.0,1.0,0.0,6
Chandigarh,12,1.8,100,1.0,1.0,0.0,2.0,0.0,0.0,0.0,0.0,1.0,0.0,0.0,1,1.0,0.0,0.0,1.0,3.0,1.0,0.0,4.0,6.0,2.0,0.0,8,6.0,1.0,0.0,7.0,1.0,3.0,0.0,4.0,1.0,1.0,0.0,2,14.0,7.0,0.0,21.0,17.0,8.0,0.0,25
D&N Haveli and Daman & Diu,10.4,1.3,88.9,1.0,1.0,0.0,2.0,0.0,0.0,0.0,0.0,0.0,0.0,0.0,0,0.0,0.0,0.0,0.0,1.0,1.0,0.0,2.0,2.0,0.0,0.0,2,8.0,0.0,0.0,8.0,1.0,0.0,0.0,1.0,0.0,0.0,0.0,0,11.0,0.0,0.0,11.0,12.0,1.0,0.0,13
Delhi,203.2,2.3,89.6,2.0,4.0,0.0,6.0,1.0,5.0,0.0,6.0,4.0,2.0,0.0,6,9.0,2.0,0.0,11.0,16.0,13.0,0.0,29.0,183.0,36.0,0.0,219,167.0,25.0,0.0,192.0,39.0,3.0,1.0,43.0,3.0,4.0,0.0,7,392.0,68.0,1.0,461.0,408.0,81.0,1.0,490
Jammu & Kashmir,133.4,1.1,80,1.0,1.0,0.0,2.0,0.0,1.0,0.0,1.0,3.0,0.0,0.0,3,1.0,0.0,0.0,1.0,5.0,2.0,0.0,7.0,45.0,8.0,0.0,53,76.0,10.0,0.0,86.0,26.0,6.0,0.0,32.0,4.0,1.0,0.0,5,151.0,25.0,0.0,176.0,156.0,27.0,0.0,183
Ladakh,3,0,-,0.0,0.0,0.0,0.0,0.0,0.0,0.0,0.0,0.0,0.0,0.0,0,0.0,0.0,0.0,0.0,0.0,0.0,0.0,0.0,0.0,0.0,0.0,0,0.0,0.0,0.0,0.0,0.0,0.0,0.0,0.0,0.0,0.0,0.0,0,0.0,0.0,0.0,0.0,0.0,0.0,0.0,0
Lakshadweep,0.7,0,-,0.0,0.0,0.0,0.0,0.0,0.0,0.0,0.0,0.0,0.0,0.0,0,0.0,0.0,0.0,0.0,0.0,0.0,0.0,0.0,0.0,0.0,0.0,0,0.0,0.0,0.0,0.0,0.0,0.0,0.0,0.0,0.0,0.0,0.0,0,0.0,0.0,0.0,0.0,0.0,0.0,0.0,0
Puducherry,15.5,2.5,100,0.0,0.0,0.0,0.0,0.0,0.0,0.0,0.0,0.0,0.0,0.0,0,0.0,0.0,0.0,0.0,0.0,0.0,0.0,0.0,39.0,0.0,0.0,39,0.0,0.0,0.0,0.0,0.0,0.0,0.0,0.0,0.0,0.0,0.0,0,39.0,0.0,0.0,39.0,39.0,0.0,0.0,39
